1752939783 a a 29 2 2000 20 42 4
1752939783 aaa asasaaasa 2 6 2002 21 34 10
1752939783 ALEX TREJO 1 6 2007 21 35 11
1752939783 A A 1 4 2010 21 37 22
0000000000 A A 31 16 2010 21 38 36
0000000000 alex trejo 34 15 2040 21 41 2
0000000000 fernando trejo 32 45 2009 21 42 33
0000000000 tre ale 2 1 2040 21 45 35
0000000000 wewew tretre 67 34 2040 21 50 18
0000000000 a treteretere 2 23 2040 21 51 53
0000000000 wetre trwwq 3 3 2040 21 58 20
0000000000 e e 4 3 2001 21 58 43
0000000000 qq q 3 43 2040 21 59 4
0000000000 qqaqaq qaqaq 34 6 2003 22 1 18
0000000000 aaaa a 22 6 2023 22 5 31
0000000000 w w 22 6 2023 22 6 33
0000000000 trrrrrrr r 22 6 2023 22 10 24
0000000000 a a 2 2 1999 22 12 21
0000000000 FERNAN DUQUE 2 4 1988 22 12 56
1752939825 PE DU 31 7 2005 22 16 10
0000000000 a a 1 6 1978 22 35 3
0000000000 awsswa swasw 2 13 2000 22 35 38
0000000000 qwqw qwq 23 0 2000 22 39 23
0000000000 qwqwq wqwqw 28 2 1974 22 40 22
1727275198 allan panchi 24 12 2003 23 17 20
